,gender,lunch,math score,reading score,writing score,parental education,test preparation
0,0,0,72,72,74,4,0
1,0,0,69,90,88,2,1
2,0,0,90,95,93,5,0
3,1,1,47,57,44,3,0
4,1,0,76,78,75,2,0
5,0,0,71,83,78,3,0
6,0,0,88,95,92,2,1
7,1,1,40,43,39,2,0
8,1,1,64,64,67,1,1
9,0,1,38,60,50,1,0
10,1,0,58,54,52,3,0
11,1,0,40,52,43,3,0
12,0,0,65,81,73,1,0
13,1,0,78,72,70,2,1
14,0,0,50,53,58,5,0
15,0,0,69,75,78,0,0
16,1,0,88,89,86,1,0
17,0,1,18,32,28,0,0
18,1,1,46,42,46,5,1
19,0,1,54,58,61,3,0
20,1,0,66,69,63,1,0
21,0,1,65,75,70,2,1
22,1,0,44,54,53,2,0
23,0,0,69,73,73,0,0
24,1,1,74,71,80,4,1
25,1,1,73,74,72,5,0
26,1,0,69,54,55,2,0
27,0,0,67,69,75,4,0
28,1,0,70,70,65,1,0
29,0,0,62,70,75,5,0
30,0,0,69,74,74,2,0
31,0,0,63,65,61,2,0
32,0,1,56,72,65,5,0
33,1,0,40,42,38,2,0
34,1,0,97,87,82,2,0
35,1,0,81,81,79,3,1
36,0,0,74,81,83,3,0
37,0,1,50,64,59,0,0
38,0,1,75,90,88,3,1
39,1,1,57,56,57,3,0
40,1,1,55,61,54,3,0
41,0,0,58,73,68,3,0
42,0,0,53,58,65,3,0
43,1,1,59,65,66,2,1
44,0,1,50,56,54,3,0
45,1,0,65,54,57,3,0
46,0,0,55,65,62,3,1
47,0,0,66,71,76,1,0
48,0,1,57,74,76,3,1
49,1,0,82,84,82,1,1
50,1,0,53,55,48,2,0
51,1,1,77,69,68,3,1
52,1,0,53,44,42,2,0
53,1,0,88,78,75,1,0
54,0,1,71,84,87,0,1
55,0,1,33,41,43,1,0
56,0,0,82,85,86,3,1
57,1,0,52,55,49,3,0
58,1,0,58,59,58,2,1
59,0,1,0,17,10,0,0
60,1,1,79,74,72,4,1
61,1,1,39,39,34,0,0
62,1,1,62,61,55,3,0
63,0,0,69,80,71,3,0
64,0,0,59,58,59,0,0
65,1,0,67,64,61,0,0
66,1,1,45,37,37,0,0
67,0,0,60,72,74,2,0
68,1,1,61,58,56,3,0
69,0,0,39,64,57,3,0
70,0,1,58,63,73,2,1
71,1,0,63,55,63,2,1
72,0,1,41,51,48,3,0
73,1,1,61,57,56,0,0
74,1,0,49,49,41,0,0
75,1,1,44,41,38,3,0
76,1,0,30,26,22,0,0
77,1,0,80,78,81,4,1
78,0,0,61,74,72,0,1
79,0,0,62,68,68,5,0
80,0,0,47,49,50,3,0
81,1,1,49,45,45,1,0
82,1,1,50,47,54,2,1
83,1,0,72,64,63,3,0
84,1,1,42,39,34,1,0
85,0,0,73,80,82,2,0
86,0,1,76,83,88,2,0
87,0,0,71,71,74,3,0
88,0,0,58,70,67,2,0
89,0,0,73,86,82,0,0
90,0,0,65,72,74,4,0
91,1,1,27,34,36,1,0
92,1,0,71,79,71,1,0
93,1,1,43,45,50,3,1
94,0,0,79,86,92,2,0
95,1,1,78,81,82,3,1
96,1,0,65,66,62,0,1
97,0,0,63,72,70,2,1
98,0,1,58,67,62,2,0
99,0,0,65,67,62,4,0
100,1,0,79,67,67,2,0
101,1,0,68,74,74,4,1
102,0,0,85,91,89,3,0
103,1,0,60,44,47,1,1
104,1,0,98,86,90,2,1
105,0,0,58,67,72,2,0
106,0,0,87,100,100,5,0
107,1,0,66,63,64,3,1
108,0,1,52,76,70,3,0
109,0,0,70,64,72,0,0
110,0,1,77,89,98,3,1
111,1,0,62,55,49,1,0
112,1,0,54,53,47,3,0
113,0,0,51,58,54,2,0
114,0,0,99,100,100,4,1
115,1,0,84,77,74,1,0
116,0,1,75,85,82,4,0
117,0,0,78,82,79,4,0
118,0,0,51,63,61,0,0
119,0,0,55,69,65,2,0
120,0,0,79,92,89,4,1
121,1,0,91,89,92,3,1
122,0,0,88,93,93,2,1
123,1,1,63,57,56,1,0
124,1,0,83,80,73,2,0
125,0,0,87,95,86,1,0
126,1,0,72,68,67,0,0
127,1,0,65,77,74,2,1
128,1,0,82,82,74,5,0
129,0,0,51,49,51,4,0
130,1,0,89,84,82,5,0
131,1,1,53,37,40,0,1
132,1,1,87,74,70,2,1
133,0,0,75,81,84,2,1
134,1,1,74,79,75,4,1
135,1,0,58,55,48,4,0
136,1,0,51,54,41,0,1
137,1,0,70,55,56,1,0
138,0,0,59,66,67,3,0
139,1,0,71,61,69,2,1
140,0,0,76,72,71,0,0
141,0,1,59,62,64,2,0
142,0,1,42,55,54,2,1
143,1,0,57,43,47,1,0
144,1,0,88,73,78,2,0
145,0,1,22,39,33,2,0
146,1,0,88,84,75,0,0
147,1,1,73,68,66,3,0
148,0,0,68,75,81,4,1
149,1,1,100,100,93,3,1
150,1,0,62,67,69,0,1
151,1,0,77,67,68,4,0
152,0,0,59,70,66,3,1
153,1,0,54,49,47,4,0
154,1,0,62,67,61,0,0
155,0,0,70,89,88,2,1
156,0,1,66,74,78,1,1
157,1,1,60,60,60,2,0
158,0,0,61,86,87,3,1
159,1,1,66,62,64,3,0
160,1,1,82,78,74,3,1
161,0,1,75,88,85,2,1
162,1,1,49,53,52,5,0
163,1,0,52,53,49,1,0
164,0,0,81,92,91,5,0
165,0,0,96,100,100,4,1
166,1,1,53,51,51,1,1
167,0,1,58,76,78,5,1
168,0,0,68,83,78,1,1
169,0,1,67,75,70,2,1
170,1,0,72,73,74,1,1
171,1,0,94,88,78,0,0
172,0,0,79,86,81,2,0
173,0,0,63,67,70,3,0
174,0,1,43,51,54,4,1
175,0,0,81,91,87,5,1
176,0,1,46,54,58,1,1
177,0,0,71,77,77,3,1
178,0,1,52,70,62,5,1
179,0,0,97,100,100,0,1
180,1,1,62,68,75,5,1
181,0,1,46,64,66,2,0
182,0,0,50,50,47,1,0
183,0,0,65,69,70,3,0
184,1,1,45,52,49,0,1
185,1,1,65,67,65,3,1
186,1,0,80,76,65,1,0
187,1,0,62,66,68,0,1
188,1,1,48,52,45,0,0
189,0,0,77,88,87,4,0
190,0,0,66,65,69,3,0
191,1,0,76,83,79,2,1
192,0,0,62,64,66,0,0
193,1,0,77,62,62,2,1
194,0,0,69,84,85,5,1
195,1,0,61,55,52,3,0
196,1,1,59,69,65,0,1
197,1,1,55,56,51,1,0
198,0,1,45,53,55,2,0
199,0,1,78,79,76,4,0
200,0,0,67,84,86,3,1
201,0,1,65,81,77,2,0
202,1,0,69,77,69,3,0
203,0,0,57,69,68,3,0
204,1,0,59,41,42,2,0
205,1,0,74,71,78,0,1
206,1,0,82,62,62,4,0
207,1,0,81,80,76,1,1
208,0,1,74,81,76,2,0
209,0,1,58,61,66,2,0
210,1,1,80,79,79,0,1
211,1,1,35,28,27,2,0
212,0,1,42,62,60,1,0
213,1,1,60,51,56,3,1
214,1,0,87,91,81,1,1
215,1,0,84,83,75,0,1
216,0,1,83,86,88,3,1
217,0,1,34,42,39,1,0
218,1,1,66,77,70,1,0
219,1,0,61,56,56,0,1
220,0,0,56,68,74,1,1
221,1,0,87,85,73,3,0
222,0,1,55,65,62,0,0
223,1,0,86,80,75,0,0
224,0,0,52,66,73,3,1
225,0,1,45,56,54,5,0
226,0,0,72,72,71,2,0
227,1,0,57,50,54,1,0
228,1,1,68,72,64,0,0
229,0,0,88,95,94,2,1
230,1,0,76,64,66,2,0
231,1,0,46,43,42,3,0
232,0,0,67,86,83,4,0
233,1,0,92,87,78,0,0
234,1,0,83,82,84,4,1
235,1,0,80,75,77,3,0
236,1,1,63,66,67,4,0
237,0,0,64,60,74,0,1
238,1,0,54,52,51,2,0
239,1,0,84,80,80,3,0
240,1,1,73,68,66,1,1
241,0,0,80,83,83,4,0
242,0,0,56,52,55,1,0
243,1,0,59,51,43,2,0
244,1,0,75,74,69,0,0
245,1,0,85,76,71,3,0
246,1,0,89,76,74,3,0
247,0,0,58,70,68,1,1
248,0,0,65,64,62,1,0
249,1,0,68,60,53,1,0
250,1,0,47,49,49,0,1
251,0,1,71,83,83,2,0
252,0,0,60,70,70,0,1
253,1,0,80,80,72,5,0
254,1,0,54,52,52,1,0
255,0,0,62,73,70,2,0
256,0,1,64,73,68,3,0
257,1,0,78,77,77,3,1
258,0,0,70,75,78,2,0
259,0,1,65,81,81,5,1
260,0,1,64,79,77,0,1
261,1,0,79,79,78,2,1
262,0,1,44,50,51,0,0
263,0,0,99,93,90,1,0
264,1,0,76,73,68,1,0
265,1,1,59,42,41,0,0
266,0,0,63,75,81,4,0
267,0,0,69,72,77,1,0
268,0,0,88,92,95,3,1
269,0,1,71,76,70,2,0
270,1,0,69,63,61,4,0
271,1,0,58,49,42,2,0
272,0,1,47,53,58,3,0
273,0,0,65,70,71,2,0
274,1,0,88,85,76,2,1
275,1,0,83,78,73,4,0
276,0,0,85,92,93,0,1
277,0,0,59,63,75,1,1
278,0,1,65,86,80,0,0
279,1,1,73,56,57,4,0
280,1,0,53,52,42,1,0
281,1,0,45,48,46,1,0
282,0,1,73,79,84,4,0
283,0,1,70,78,78,2,1
284,0,0,37,46,46,0,0
285,1,0,81,82,82,3,1
286,1,0,97,82,88,3,1
287,0,0,67,89,82,0,0
288,1,1,88,75,76,4,0
289,1,0,77,76,77,0,1
290,1,0,76,70,68,3,0
291,1,0,86,73,70,0,0
292,1,0,63,60,57,0,1
293,0,0,65,73,75,4,0
294,1,1,78,77,80,1,1
295,1,1,67,62,60,3,0
296,1,0,46,41,43,0,1
297,1,0,71,74,68,3,1
298,1,1,40,46,50,1,1
299,1,1,90,87,75,3,0
300,1,1,81,78,81,2,1
301,1,1,56,54,52,0,0
302,0,0,67,84,81,3,1
303,1,0,80,76,64,3,0
304,0,0,74,75,83,3,1
305,1,0,69,67,69,2,0
306,1,0,99,87,81,2,1
307,1,0,51,52,44,0,0
308,0,1,53,71,67,3,0
309,0,1,49,57,52,1,0
310,0,0,73,76,80,3,0
311,1,0,66,60,57,4,0
312,1,0,67,61,68,4,1
313,0,1,68,67,69,3,1
314,0,0,59,64,75,4,1
315,1,0,71,66,65,1,0
316,0,0,77,82,91,5,1
317,1,0,83,72,78,3,0
318,1,0,63,71,69,4,0
319,0,1,56,65,63,3,0
320,0,1,67,79,84,1,1
321,0,0,75,86,79,1,0
322,0,0,71,81,80,2,0
323,0,1,43,53,53,0,0
324,0,1,41,46,43,1,0
325,0,0,82,90,94,2,0
326,1,0,61,61,62,2,0
327,1,1,28,23,19,2,0
328,1,0,82,75,77,3,1
329,0,0,41,55,51,0,0
330,1,0,71,60,61,1,0
331,1,0,47,37,35,3,0
332,1,0,62,56,53,3,1
333,1,0,90,78,81,3,0
334,0,0,83,93,95,4,0
335,0,1,61,68,66,2,0
336,1,0,76,70,69,0,1
337,1,0,49,51,43,3,0
338,0,1,24,38,27,0,0
339,0,1,35,55,60,0,1
340,1,1,58,61,52,1,0
341,0,0,61,73,63,1,0
342,0,0,69,76,74,1,1
343,1,0,67,72,67,3,1
344,1,0,79,73,67,2,0
345,0,0,72,80,75,1,0
346,1,0,62,61,57,2,0
347,0,0,77,94,95,4,1
348,1,1,75,74,66,1,0
349,1,0,87,74,76,3,0
350,0,0,52,65,69,4,0
351,1,0,66,57,52,2,0
352,0,0,63,78,80,2,1
353,0,0,46,58,57,3,0
354,0,0,59,71,70,2,0
355,0,0,61,72,70,4,0
356,1,0,63,61,61,3,0
357,0,1,42,66,69,2,1
358,1,1,59,62,61,2,0
359,0,0,80,90,89,2,0
360,0,0,58,62,59,1,0
361,1,0,85,84,78,0,1
362,0,0,52,58,58,2,0
363,0,1,27,34,32,0,0
364,1,0,59,60,58,2,0
365,1,1,49,58,60,4,1
366,1,0,69,58,53,1,1
367,1,1,61,66,61,4,0
368,0,1,44,64,58,0,0
369,0,0,73,84,85,0,0
370,1,0,84,77,71,2,0
371,0,1,45,73,70,2,1
372,1,0,74,74,72,0,0
373,0,0,82,97,96,2,1
374,0,0,59,70,73,4,0
375,1,1,46,43,41,3,0
376,0,0,80,90,82,0,0
377,0,1,85,95,100,5,1
378,0,0,71,83,77,0,0
379,1,0,66,64,62,4,0
380,0,0,80,86,83,3,0
381,1,0,87,100,95,3,1
382,1,1,79,81,71,5,0
383,0,1,38,49,45,0,0
384,0,1,38,43,43,0,0
385,0,0,67,76,75,2,0
386,0,0,64,73,70,4,0
387,0,1,57,78,67,3,0
388,0,0,62,64,64,1,0
389,1,0,73,70,75,5,0
390,1,1,73,67,59,0,1
391,0,0,77,68,77,2,0
392,1,0,76,67,67,2,0
393,1,0,57,54,56,3,1
394,0,0,65,74,77,0,1
395,1,1,48,45,41,1,0
396,0,1,50,67,63,1,0
397,0,0,85,89,95,3,0
398,1,0,74,63,57,0,0
399,1,0,60,59,54,0,0
400,0,0,59,54,67,0,1
401,1,0,53,43,43,2,0
402,0,1,49,65,55,2,0
403,0,0,88,99,100,1,1
404,0,0,54,59,62,1,0
405,0,0,63,73,68,0,0
406,1,0,65,65,63,3,1
407,0,0,82,80,77,3,0
408,0,1,52,57,56,1,1
409,1,0,87,84,85,3,1
410,0,0,70,71,74,5,1
411,1,0,84,83,78,2,1
412,1,0,71,66,60,3,0
413,1,0,63,67,67,0,1
414,0,1,51,72,79,4,1
415,1,0,84,73,69,1,0
416,1,0,71,74,68,4,1
417,1,0,74,73,67,3,0
418,1,0,68,59,62,2,0
419,1,1,57,56,54,1,1
420,0,1,82,93,93,3,1
421,0,0,57,58,64,1,1
422,0,1,47,58,67,5,1
423,0,0,59,85,80,0,1
424,1,1,41,39,34,2,0
425,0,1,62,67,62,2,0
426,1,0,86,83,86,4,0
427,1,1,69,71,65,0,0
428,1,1,65,59,53,0,0
429,1,1,68,63,54,0,0
430,1,1,64,66,59,3,0
431,0,0,61,72,70,1,0
432,1,0,61,56,55,1,0
433,0,1,47,59,50,0,0
434,1,0,73,66,66,0,0
435,1,1,50,48,53,2,1
436,1,0,75,68,64,3,0
437,1,1,75,66,73,3,0
438,1,0,70,56,51,1,0
439,1,0,89,88,82,0,1
440,0,0,67,81,79,2,1
441,0,0,78,81,80,1,0
442,0,1,59,73,69,0,0
443,0,0,73,83,76,3,0
444,1,1,79,82,73,0,0
445,0,0,67,74,77,0,1
446,1,1,69,66,60,2,0
447,1,0,86,81,80,1,1
448,1,0,47,46,42,1,0
449,1,0,81,73,72,3,0
450,0,1,64,85,85,2,1
451,0,0,100,92,97,2,0
452,0,1,65,77,74,3,0
453,1,1,65,58,49,2,0
454,0,1,53,61,62,3,0
455,1,1,37,56,47,4,0
456,0,0,79,89,89,4,0
457,1,1,53,54,48,3,0
458,0,0,100,100,100,4,0
459,1,0,72,65,68,1,1
460,1,1,53,58,55,4,0
461,1,1,54,54,45,2,0
462,0,0,71,70,76,2,0
463,0,1,77,90,91,2,0
464,1,0,75,58,62,4,1
465,0,0,84,87,91,2,0
466,0,1,26,31,38,3,0
467,1,1,72,67,65,1,1
468,0,1,77,88,85,1,1
469,1,0,91,74,76,2,0
470,0,0,83,85,90,3,1
471,0,0,63,69,74,1,0
472,0,0,68,86,84,3,1
473,0,0,59,67,61,0,0
474,0,0,90,90,91,3,1
475,0,0,71,76,83,4,1
476,1,0,76,62,66,4,1
477,1,0,80,68,72,3,0
478,0,0,55,64,70,5,0
479,1,0,76,71,67,3,0
480,1,0,73,71,68,1,1
481,0,1,52,59,56,3,0
482,1,1,68,68,61,2,0
483,1,0,59,52,46,1,0
484,0,0,49,52,54,3,0
485,1,0,70,74,71,1,0
486,1,1,61,47,56,2,0
487,0,1,60,75,74,3,0
488,1,0,64,53,57,0,1
489,1,1,79,82,82,3,1
490,0,1,65,85,76,3,0
491,0,0,64,64,70,3,0
492,0,0,83,83,90,2,0
493,0,0,81,88,90,4,0
494,0,0,54,64,68,1,0
495,1,0,68,64,66,1,1
496,0,0,54,48,52,2,0
497,0,1,59,78,76,2,1
498,0,0,66,69,68,0,0
499,1,0,76,71,72,2,0
500,0,0,74,79,82,5,0
501,0,0,94,87,92,3,1
502,1,1,63,61,54,2,0
503,0,0,95,89,92,3,1
504,0,1,40,59,54,5,0
505,0,0,82,82,80,0,0
506,1,0,68,70,66,1,0
507,1,1,55,59,54,4,0
508,1,0,79,78,77,5,0
509,0,0,86,92,87,4,0
510,1,0,76,71,73,2,0
511,1,0,64,50,43,0,0
512,1,1,62,49,52,0,0
513,0,0,54,61,62,0,1
514,0,1,77,97,94,5,1
515,0,0,76,87,85,0,1
516,0,0,74,89,84,2,0
517,0,0,66,74,73,2,1
518,0,0,66,78,78,0,1
519,0,1,67,78,79,1,1
520,1,0,71,49,52,2,0
521,0,0,91,86,84,3,0
522,1,0,69,58,57,4,0
523,1,1,54,59,50,5,0
524,1,0,53,52,49,1,1
525,1,0,68,60,59,2,0
526,1,1,56,61,60,0,1
527,0,1,36,53,43,1,0
528,0,1,29,41,47,4,0
529,0,0,62,74,70,3,0
530,0,0,68,67,73,3,1
531,0,0,47,54,53,0,0
532,1,0,62,61,58,3,1
533,0,0,79,88,94,3,1
534,1,0,73,69,68,1,1
535,0,1,66,83,83,4,1
536,1,0,51,60,58,3,1
537,0,0,51,66,62,1,0
538,1,0,85,66,71,4,1
539,1,0,97,92,86,3,1
540,1,0,75,69,68,1,1
541,1,1,79,82,80,3,1
542,0,0,81,77,79,3,0
543,0,0,82,95,89,3,0
544,0,0,64,63,66,5,0
545,1,1,78,83,80,0,1
546,0,0,92,100,97,0,1
547,1,0,72,67,64,1,1
548,0,1,62,67,64,1,0
549,1,0,79,72,69,5,0
550,1,1,79,76,65,0,0
551,1,1,87,90,88,4,1
552,0,0,40,48,50,3,0
553,1,1,77,62,64,2,0
554,1,0,53,45,40,3,0
555,0,1,32,39,33,2,0
556,0,0,55,72,79,3,1
557,1,1,61,67,66,5,0
558,0,1,53,70,70,3,0
559,1,0,73,66,62,0,0
560,0,0,74,75,79,2,1
561,0,0,63,74,74,2,0
562,1,0,96,90,92,4,1
563,0,1,63,80,80,2,1
564,1,1,48,51,46,4,0
565,1,0,48,43,45,3,0
566,0,1,92,100,100,4,1
567,0,1,61,71,78,5,1
568,1,1,63,48,47,1,0
569,1,1,68,68,67,4,0
570,1,0,71,75,70,2,1
571,1,0,91,96,92,4,0
572,0,0,53,62,56,2,0
573,0,1,50,66,64,1,1
574,0,0,74,81,71,1,0
575,1,1,40,55,53,3,1
576,1,0,61,51,52,2,1
577,0,0,81,91,89,1,0
578,0,1,48,56,58,2,1
579,0,0,53,61,68,5,0
580,0,0,81,97,96,0,0
581,0,0,77,79,80,0,0
582,0,1,63,73,78,4,0
583,0,0,73,75,80,3,1
584,0,0,69,77,77,2,0
585,0,0,65,76,76,3,0
586,0,0,55,73,73,1,0
587,0,1,44,63,62,4,0
588,0,0,54,64,65,2,0
589,0,0,48,66,65,0,0
590,1,1,58,57,54,2,0
591,1,0,71,62,50,0,0
592,1,0,68,68,64,4,0
593,0,0,74,76,73,1,0
594,0,0,92,100,99,4,1
595,0,0,56,79,72,4,1
596,1,1,30,24,15,1,0
597,1,0,53,54,48,0,0
598,0,0,69,77,73,1,0
599,0,0,65,82,81,0,0
600,0,0,54,60,63,5,0
601,0,0,29,29,30,1,0
602,0,0,76,78,80,2,0
603,1,1,60,57,51,1,0
604,1,1,84,89,90,5,1
605,1,0,75,72,62,0,0
606,0,0,85,84,82,3,0
607,0,1,40,58,54,5,0
608,0,0,61,64,62,2,0
609,0,0,58,63,65,3,0
610,1,1,69,60,63,2,1
611,0,0,58,59,66,2,0
612,1,0,94,90,91,4,1
613,0,0,65,77,74,3,0
614,0,0,82,93,93,3,0
615,0,0,60,68,72,1,0
616,0,0,37,45,38,4,0
617,1,0,88,78,83,4,0
618,1,0,95,81,84,5,0
619,1,1,65,73,68,3,1
620,0,1,35,61,54,1,0
621,1,1,62,63,56,4,0
622,1,1,58,51,52,1,1
623,1,0,100,96,86,2,1
624,0,1,61,58,62,4,0
625,1,0,100,97,99,2,1
626,1,1,69,70,63,3,1
627,1,0,61,48,46,3,0
628,1,1,49,57,46,2,0
629,0,0,44,51,55,0,1
630,1,0,67,64,70,2,0
631,1,0,79,60,65,1,0
632,0,0,66,74,81,4,1
633,0,0,75,88,85,1,0
634,1,0,84,84,80,0,0
635,1,0,71,74,64,1,0
636,0,1,67,80,81,1,1
637,0,0,80,92,88,0,1
638,1,0,86,76,74,2,0
639,0,0,76,74,73,3,0
640,1,0,41,52,51,1,0
641,0,1,74,88,90,3,1
642,0,1,72,81,79,0,0
643,0,0,74,79,80,1,1
644,1,0,70,65,60,1,0
645,0,0,65,81,81,4,1
646,0,0,59,70,65,3,0
647,0,1,64,62,68,1,0
648,0,0,50,53,55,1,0
649,0,0,69,79,81,2,1
650,1,1,51,56,53,0,1
651,0,0,68,80,76,1,1
652,0,0,85,86,98,2,1
653,0,0,65,70,74,3,1
654,0,0,73,79,79,0,0
655,0,0,62,67,67,2,0
656,1,1,77,67,64,3,0
657,1,0,69,66,61,0,0
658,0,1,43,60,58,3,0
659,1,0,90,87,85,3,0
660,1,1,74,77,73,2,0
661,1,0,73,66,63,0,0
662,0,1,55,71,69,2,0
663,0,0,65,69,67,1,0
664,1,0,80,63,63,3,0
665,0,1,50,60,60,0,1
666,0,1,63,73,71,2,1
667,0,1,77,85,87,4,0
668,1,0,73,74,61,2,0
669,1,0,81,72,77,3,1
670,0,1,66,76,68,1,0
671,1,1,52,57,50,3,0
672,0,0,69,78,76,2,0
673,0,0,65,84,84,3,1
674,0,0,69,77,78,1,1
675,0,0,50,64,66,2,1
676,0,0,73,78,76,2,1
677,0,0,70,82,76,0,1
678,1,1,81,75,78,3,0
679,1,1,63,61,60,2,0
680,0,0,67,72,74,1,0
681,1,0,60,68,60,1,0
682,1,0,62,55,54,1,0
683,0,1,29,40,44,0,1
684,1,0,62,66,68,2,1
685,0,0,94,99,100,5,1
686,1,0,85,75,68,2,1
687,1,1,77,78,73,3,0
688,1,1,53,58,44,1,0
689,1,1,93,90,83,2,0
690,0,0,49,53,53,3,0
691,0,1,73,76,78,3,0
692,0,1,66,74,81,4,1
693,0,0,77,77,73,3,0
694,0,0,49,63,56,0,0
695,0,1,79,89,86,2,0
696,0,0,75,82,90,3,1
697,0,0,59,72,70,4,0
698,0,0,57,78,79,3,1
699,1,1,66,66,59,1,0
700,0,0,79,81,82,4,1
701,0,0,57,67,72,0,0
702,1,0,87,84,87,4,1
703,0,0,63,64,67,2,0
704,0,1,59,63,64,0,1
705,1,1,62,72,65,4,0
706,1,0,46,34,36,1,0
707,1,0,66,59,52,2,0
708,1,0,89,87,79,1,0
709,0,1,42,61,58,3,1
710,1,0,93,84,90,2,1
711,0,0,80,85,85,0,1
712,0,0,98,100,99,2,0
713,1,0,81,81,84,5,0
714,0,0,60,70,74,0,1
715,0,1,76,94,87,3,1
716,1,0,73,78,72,3,1
717,0,0,96,96,99,3,1
718,0,0,76,76,74,1,0
719,1,1,91,73,80,3,1
720,0,1,62,72,70,2,0
721,1,1,55,59,59,0,1
722,0,1,74,90,88,0,1
723,1,0,50,48,42,1,0
724,1,0,47,43,41,2,0
725,1,0,81,74,71,2,1
726,0,0,65,75,77,3,1
727,1,0,68,51,57,0,1
728,0,1,73,92,84,1,0
729,1,0,53,39,37,2,0
730,0,1,68,77,80,3,1
731,1,1,55,46,43,0,0
732,0,0,87,89,94,2,1
733,1,0,55,47,44,0,0
734,0,1,53,58,57,2,0
735,1,0,67,57,59,5,0
736,1,0,92,79,84,3,0
737,0,1,53,66,73,2,1
738,1,0,81,71,73,3,0
739,1,1,61,60,55,1,0
740,1,0,80,73,72,4,0
741,0,1,37,57,56,3,0
742,0,0,81,84,82,1,0
743,0,0,59,73,72,3,1
744,1,1,55,55,47,2,0
745,1,0,72,79,74,3,0
746,1,0,69,75,71,1,0
747,1,0,69,64,68,2,0
748,0,1,50,60,59,4,0
749,1,0,87,84,86,2,1
750,1,0,71,69,68,0,1
751,1,0,68,72,65,2,0
752,1,1,79,77,75,5,1
753,0,0,77,90,85,0,1
754,1,1,58,55,53,3,0
755,0,0,84,95,92,3,0
756,1,0,55,58,52,2,0
757,1,1,70,68,72,4,1
758,0,1,52,59,65,2,1
759,1,0,69,77,77,2,1
760,0,1,53,72,64,1,0
761,0,0,48,58,54,0,0
762,1,0,78,81,86,0,1
763,0,0,62,62,63,1,0
764,1,0,60,63,59,2,0
765,0,0,74,72,72,1,0
766,0,0,58,75,77,1,1
767,1,0,76,62,60,1,1
768,0,0,68,71,75,0,0
769,1,1,58,60,57,2,0
770,1,0,52,48,49,1,0
771,1,0,75,73,74,4,0
772,0,1,52,67,72,0,1
773,0,1,62,78,79,4,0
774,1,0,66,65,60,2,0
775,0,1,49,58,55,0,0
776,0,0,66,72,70,1,0
777,0,1,35,44,43,2,0
778,0,0,72,79,82,2,1
779,1,0,94,85,82,3,1
780,0,1,46,56,57,3,0
781,0,0,77,90,84,5,0
782,0,1,76,85,82,1,1
783,0,0,52,59,62,3,1
784,1,0,91,81,79,4,1
785,0,0,32,51,44,0,1
786,0,1,72,79,77,0,0
787,0,0,19,38,32,2,0
788,1,1,68,65,61,3,0
789,0,1,52,65,61,5,0
790,0,0,48,62,60,1,0
791,0,1,60,66,70,2,0
792,1,1,66,74,69,1,0
793,1,0,89,84,77,0,1
794,0,0,42,52,51,1,0
795,0,1,57,68,73,3,1
796,1,0,70,70,70,1,0
797,0,1,70,84,81,3,0
798,1,0,69,60,54,2,0
799,0,0,52,55,57,3,0
800,1,0,67,73,68,0,1
801,1,0,76,80,73,0,1
802,0,0,87,94,95,3,0
803,0,0,82,85,87,2,0
804,0,0,73,76,78,2,0
805,1,1,75,81,74,2,0
806,0,1,64,74,75,2,0
807,0,1,41,45,40,1,0
808,1,0,90,75,69,1,0
809,1,0,59,54,51,4,0
810,1,0,51,31,36,0,0
811,1,1,45,47,49,1,0
812,0,0,54,64,67,5,1
813,1,0,87,84,76,0,1
814,0,0,72,80,83,1,0
815,1,0,94,86,87,0,1
816,0,0,45,59,64,4,0
817,1,1,61,70,76,4,1
818,0,1,60,72,68,1,0
819,0,0,77,91,88,0,0
820,0,0,85,90,92,0,1
821,0,1,78,90,93,4,0
822,1,1,49,52,51,2,1
823,0,1,71,87,82,1,0
824,0,1,48,58,52,0,0
825,1,0,62,67,58,1,0
826,0,1,56,68,70,3,1
827,0,0,65,69,76,0,0
828,0,1,69,86,81,0,1
829,1,0,68,54,53,0,0
830,0,1,61,60,57,2,0
831,0,1,74,86,89,4,1
832,1,0,64,60,58,4,0
833,0,0,77,82,89,1,1
834,1,0,58,50,45,2,0
835,0,0,60,64,74,1,1
836,1,0,73,64,57,1,0
837,0,0,75,82,79,1,1
838,1,1,58,57,53,3,1
839,0,0,66,77,73,3,0
840,0,1,39,52,46,1,0
841,1,0,64,58,51,0,0
842,0,1,23,44,36,1,1
843,1,1,74,77,76,2,1
844,0,1,40,65,64,0,1
845,1,0,90,85,84,5,0
846,1,0,91,85,85,5,1
847,1,0,64,54,50,1,0
848,0,0,59,72,68,1,0
849,1,0,80,75,69,3,0
850,1,0,71,67,67,5,0
851,0,0,61,68,63,1,0
852,0,0,87,85,93,2,0
853,1,0,82,67,61,0,0
854,1,0,62,64,55,0,0
855,0,0,97,97,96,4,0
856,1,1,75,68,65,2,0
857,0,0,65,79,81,4,0
858,1,0,52,49,46,1,1
859,1,1,87,73,72,3,0
860,0,0,53,62,53,3,0
861,0,1,81,86,87,5,0
862,1,1,39,42,38,4,1
863,0,0,71,71,80,2,1
864,1,0,97,93,91,3,0
865,1,0,82,82,88,2,1
866,1,1,59,53,52,1,0
867,1,0,61,42,41,3,0
868,1,1,78,74,72,3,1
869,1,1,49,51,51,3,0
870,1,0,59,58,47,1,0
871,0,0,70,72,76,2,1
872,1,0,82,84,78,3,1
873,1,1,90,90,82,3,0
874,0,1,43,62,61,4,0
875,1,1,80,64,66,2,0
876,1,0,81,82,84,2,0
877,1,0,57,61,54,0,0
878,0,0,59,72,80,0,0
879,0,0,64,76,74,3,0
880,1,0,63,64,66,4,1
881,0,0,71,70,70,4,1
882,0,1,64,73,71,1,0
883,1,1,55,46,44,4,0
884,0,0,51,51,54,3,0
885,0,0,62,76,80,3,1
886,0,0,93,100,95,3,1
887,1,1,54,72,59,1,0
888,0,1,69,65,74,2,0
889,1,1,44,51,48,1,0
890,0,0,86,85,91,2,1
891,0,0,85,92,85,3,0
892,0,1,50,67,73,5,0
893,1,0,88,74,75,0,1
894,0,0,59,62,69,3,0
895,0,1,32,34,38,0,0
896,1,1,36,29,27,1,0
897,0,1,63,78,79,0,1
898,1,0,67,54,63,3,1
899,0,0,65,78,82,0,1
900,1,0,85,84,89,5,0
901,0,0,73,78,74,5,0
902,0,1,34,48,41,1,1
903,0,1,93,100,100,4,1
904,0,1,67,84,84,0,0
905,1,0,88,77,77,2,0
906,1,0,57,48,51,1,0
907,0,0,79,84,91,2,1
908,0,1,67,75,72,4,0
909,1,0,70,64,70,4,1
910,1,1,50,42,48,4,0
911,0,0,69,84,82,2,0
912,0,0,52,61,66,4,1
913,0,1,47,62,66,4,1
914,0,1,46,61,55,3,0
915,0,0,68,70,66,2,0
916,1,0,100,100,100,4,1
917,0,0,44,61,52,1,0
918,0,0,57,77,80,3,1
919,1,0,91,96,91,2,1
920,1,1,69,70,67,1,0
921,0,1,35,53,46,1,0
922,1,0,72,66,66,1,0
923,0,1,54,65,65,3,0
924,1,1,74,70,69,1,0
925,1,0,74,64,60,0,1
926,1,1,64,56,52,3,0
927,0,1,65,61,71,1,1
928,1,1,46,43,44,3,1
929,0,1,48,56,51,0,0
930,1,1,67,74,70,2,1
931,1,1,62,57,62,2,0
932,1,1,61,71,73,3,1
933,1,1,70,75,74,4,1
934,1,0,98,87,90,3,1
935,1,1,70,63,58,2,0
936,1,0,67,57,53,3,0
937,0,1,57,58,57,1,0
938,1,0,85,81,85,2,1
939,1,0,77,68,69,0,1
940,1,1,72,66,72,5,1
941,0,0,78,91,96,5,0
942,1,0,81,66,64,1,0
943,1,1,61,62,61,0,1
944,0,0,58,68,61,1,0
945,0,0,54,61,58,3,0
946,1,0,82,82,80,1,0
947,0,1,49,58,60,2,0
948,1,1,49,50,52,0,1
949,0,1,57,75,73,1,1
950,1,0,94,73,71,1,0
951,0,0,75,77,83,2,1
952,0,1,74,74,72,0,0
953,1,0,58,52,54,1,1
954,0,0,62,69,69,2,0
955,1,0,72,57,62,3,0
956,1,0,84,87,81,2,0
957,0,0,92,100,100,5,0
958,0,0,45,63,59,1,0
959,1,0,75,81,71,1,0
960,0,0,56,58,64,2,0
961,0,1,48,54,53,0,0
962,0,0,100,100,100,3,0
963,0,1,65,76,75,0,1
964,1,0,72,57,58,2,0
965,0,0,62,70,72,2,0
966,1,0,66,68,64,0,1
967,1,0,63,63,60,2,0
968,0,0,68,76,67,3,0
969,0,0,75,84,80,4,0
970,0,0,89,100,100,4,0
971,1,0,78,72,69,0,1
972,0,1,53,50,60,1,1
973,0,1,49,65,61,2,0
974,0,0,54,63,67,2,0
975,0,0,64,82,77,2,1
976,1,1,60,62,60,2,1
977,1,0,62,65,58,3,0
978,1,0,55,41,48,1,1
979,0,0,91,95,94,3,0
980,0,1,8,24,23,1,0
981,1,0,81,78,78,0,0
982,1,0,79,85,86,0,1
983,0,0,78,87,91,2,1
984,0,0,74,75,82,0,0
985,1,0,57,51,54,1,0
986,0,0,40,59,51,3,0
987,1,0,81,75,76,0,1
988,0,1,44,45,45,0,0
989,0,1,67,86,83,2,1
990,1,1,86,81,75,1,1
991,0,0,65,82,78,0,1
992,0,1,55,76,76,3,0
993,0,1,62,72,74,4,0
994,1,0,63,63,62,1,0
995,0,0,88,99,95,5,1
996,1,1,62,55,55,1,0
997,0,1,59,71,65,1,1
998,0,0,68,78,77,2,1
999,0,1,77,86,86,2,0
